Resultados encontrados:

2,35
2,36
2,57
2,58
2,59
2,60
2,68
2,69
2,90
2,91
2,92
2,98
2,100
2,101
2,102
2,104
2,166
3,5
3,22
3,23
3,24
3,25
3,26
3,32
3,33
3,34
3,35
3,36
3,37
3,38
3,56
3,57
3,58
3,59
3,60
3,68
3,69
3,70
3,80
3,81
3,82
3,88
3,89
3,90
3,91
3,92
3,93
3,94
3,97
3,98
3,101
3,102
3,103
3,104
3,105
3,165
3,166
3,167
4,5
4,20
4,21
4,22
4,23
4,24
4,25
4,26
4,27
4,28
4,31
4,32
4,33
4,34
4,35
4,36
4,37
4,38
4,57
4,58
4,59
4,60
4,68
4,69
4,80
4,81
4,87
4,88
4,89
4,90
4,91
4,92
4,93
4,97
4,98
4,102
4,103
4,104
4,105
4,106
4,109
4,110
4,111
4,134
4,135
4,142
4,143
4,164
4,165
4,166
4,167
5,5
5,20
5,21
5,22
5,23
5,24
5,25
5,26
5,27
5,28
5,33
5,34
5,35
5,36
5,37
5,89
5,90
5,91
5,92
5,105
5,106
5,110
5,134
5,135
5,136
5,137
5,140
5,143
5,162
5,163
5,164
5,165
5,166
5,167
5,168
6,4
6,5
6,19
6,20
6,21
6,22
6,23
6,24
6,25
6,26
6,27
6,28
6,33
6,34
6,35
6,36
6,37
6,58
6,59
6,89
6,90
6,91
6,92
6,105
6,106
6,108
6,109
6,120
6,121
6,122
6,123
6,134
6,136
6,137
6,138
6,139
6,140
6,141
6,142
6,143
6,144
6,145
6,146
6,147
6,162
6,163
6,164
6,165
6,166
6,167
6,168
7,3
7,4
7,5
7,20
7,21
7,22
7,23
7,27
7,28
7,29
7,33
7,35
7,36
7,59
7,68
7,88
7,89
7,90
7,91
7,92
7,98
7,99
7,100
7,119
7,120
7,121
7,122
7,123
7,137
7,139
7,140
7,141
7,144
7,145
7,163
7,164
7,165
7,166
8,3
8,4
8,9
8,10
8,11
8,12
8,16
8,17
8,18
8,19
8,20
8,28
8,29
8,30
8,31
8,34
8,35
8,36
8,59
8,60
8,64
8,65
8,66
8,67
8,68
8,69
8,70
8,71
8,76
8,77
8,88
8,90
8,91
8,92
8,98
8,99
8,100
8,101
8,119
8,120
8,121
8,122
8,123
8,139
8,140
8,141
8,163
8,164
8,165
8,166
8,167
9,3
9,4
9,10
9,12
9,18
9,19
9,28
9,29
9,30
9,31
9,32
9,34
9,35
9,36
9,37
9,45
9,64
9,65
9,66
9,67
9,68
9,69
9,70
9,71
9,75
9,76
9,77
9,91
9,92
9,98
9,99
9,100
9,101
9,105
9,106
9,107
9,108
9,119
9,120
9,121
9,122
9,123
9,139
9,140
9,141
9,142
9,162
9,163
9,164
9,165
10,4
10,5
10,9
10,11
10,12
10,18
10,19
10,29
10,30
10,31
10,42
10,43
10,44
10,57
10,58
10,65
10,66
10,67
10,68
10,69
10,70
10,73
10,74
10,75
10,76
10,77
10,98
10,99
10,100
10,105
10,106
10,107
10,108
10,120
10,121
10,122
10,123
10,124
10,139
10,140
10,141
10,142
10,145
10,162
10,163
10,164
10,165
10,166
11,9
11,10
11,11
11,12
11,37
11,40
11,41
11,42
11,43
11,44
11,49
11,50
11,51
11,55
11,56
11,57
11,62
11,65
11,66
11,67
11,68
11,73
11,74
11,75
11,76
11,77
11,104
11,105
11,106
11,107
11,120
11,121
11,122
11,123
11,165
12,4
12,9
12,11
12,12
12,13
12,30
12,31
12,32
12,38
12,39
12,40
12,41
12,42
12,43
12,44
12,48
12,49
12,50
12,51
12,52
12,55
12,56
12,57
12,58
12,59
12,61
12,62
12,63
12,65
12,72
12,73
12,74
12,75
12,76
12,90
12,104
12,105
12,106
12,107
12,120
12,121
12,122
12,159
12,165
12,166
13,9
13,10
13,11
13,12
13,13
13,29
13,30
13,31
13,32
13,33
13,40
13,41
13,42
13,49
13,50
13,51
13,57
13,58
13,59
13,60
13,61
13,73
13,74
13,76
13,121
13,134
14,9
14,10
14,11
14,12
14,29
14,30
14,31
14,32
14,33
14,48
14,49
14,50
14,51
14,58
14,59
14,60
14,61
14,62
14,77
14,86
14,91
14,92
14,93
14,94
14,111
14,112
14,113
14,114
14,116
14,134
14,157
14,158
14,159
14,165
14,166
15,29
15,30
15,31
15,32
15,33
15,34
15,48
15,49
15,50
15,51
15,58
15,59
15,60
15,61
15,62
15,85
15,86
15,88
15,91
15,92
15,93
15,94
15,110
15,111
15,112
15,113
15,165
15,166
16,3
16,4
16,29
16,30
16,31
16,32
16,33
16,34
16,35
16,48
16,49
16,50
16,58
16,59
16,60
16,61
16,62
16,85
16,86
16,87
16,88
16,89
16,90
16,91
16,92
16,93
16,94
16,97
16,98
16,99
16,100
16,110
16,111
16,112
16,113
16,114
16,126
16,127
16,128
16,138
16,139
16,165
16,166
16,167
16,168
17,23
17,24
17,30
17,31
17,32
17,33
17,34
17,35
17,48
17,49
17,50
17,51
17,52
17,59
17,60
17,61
17,62
17,85
17,86
17,87
17,88
17,90
17,91
17,92
17,93
17,97
17,98
17,99
17,100
17,104
17,110
17,111
17,112
17,113
17,114
17,126
17,127
17,128
17,129
17,139
17,147
17,148
17,149
17,150
17,165
17,166
17,167
17,168
18,15
18,16
18,17
18,23
18,24
18,30
18,31
18,32
18,33
18,34
18,35
18,48
18,49
18,50
18,51
18,52
18,53
18,54
18,55
18,59
18,60
18,61
18,62
18,63
18,84
18,85
18,86
18,87
18,88
18,97
18,98
18,99
18,100
18,101
18,102
18,126
18,127
18,128
18,129
18,130
18,145
18,146
18,147
18,148
18,149
18,150
18,165
18,166
18,167
18,168
19,15
19,16
19,17
19,30
19,31
19,32
19,33
19,34
19,35
19,36
19,37
19,38
19,51
19,52
19,53
19,54
19,55
19,60
19,61
19,62
19,63
19,64
19,97
19,98
19,99
19,100
19,101
19,102
19,103
19,104
19,127
19,128
19,129
19,130
19,145
19,146
19,147
19,148
19,149
19,150
19,165
19,166
19,167
20,3
20,4
20,14
20,15
20,16
20,17
20,22
20,23
20,28
20,29
20,30
20,31
20,32
20,33
20,34
20,35
20,36
20,37
20,38
20,52
20,53
20,54
20,55
20,60
20,61
20,62
20,63
20,101
20,102
20,103
20,104
20,113
20,114
20,115
20,127
20,128
20,129
20,130
20,145
20,146
20,147
20,148
20,149
20,150
20,157
20,158
20,159
20,165
20,166
20,167
21,3
21,14
21,15
21,16
21,17
21,22
21,34
21,35
21,36
21,37
21,38
21,39
21,83
21,102
21,103
21,104
21,109
21,110
21,113
21,114
21,128
21,129
21,130
21,145
21,146
21,147
21,148
21,149
21,156
21,157
21,158
21,159
21,165
21,166
22,2
22,3
22,4
22,5
22,15
22,16
22,33
22,34
22,35
22,36
22,37
22,38
22,39
22,41
22,42
22,43
22,82
22,83
22,102
22,103
22,104
22,108
22,109
22,110
22,111
22,112
22,113
22,114
22,115
22,116
22,117
22,129
22,130
22,146
22,147
22,148
22,156
22,157
22,158
22,159
22,160
22,164
22,165
22,166
22,167
23,2
23,3
23,4
23,5
23,32
23,39
23,40
23,41
23,42
23,43
23,44
23,45
23,108
23,109
23,110
23,111
23,112
23,113
23,114
23,115
23,116
23,117
23,118
23,156
23,157
23,158
23,165
23,166
23,167
24,2
24,3
24,4
24,5
24,11
24,32
24,40
24,41
24,42
24,43
24,44
24,45
24,46
24,106
24,108
24,110
24,111
24,112
24,113
24,114
24,115
24,116
24,117
24,118
24,119
24,157
24,158
24,165
24,166
24,167
25,2
25,3
25,4
25,5
25,10
25,11
25,12
25,16
25,17
25,18
25,30
25,31
25,42
25,43
25,44
25,45
25,46
25,60
25,115
25,116
25,117
25,118
25,119
25,166
25,167
26,2
26,3
26,4
26,5
26,8
26,9
26,10
26,11
26,12
26,14
26,15
26,16
26,17
26,18
26,19
26,30
26,31
26,32
26,43
26,44
26,45
26,46
26,59
26,60
26,61
26,62
26,63
26,65
26,66
26,67
26,69
26,71
26,115
26,116
26,117
26,118
26,119
26,120
26,121
26,122
26,139
26,140
26,165
26,166
26,167
27,2
27,3
27,4
27,5
27,8
27,9
27,10
27,11
27,12
27,13
27,14
27,15
27,16
27,17
27,18
27,19
27,43
27,44
27,59
27,60
27,61
27,62
27,63
27,64
27,65
27,66
27,67
27,68
27,71
27,72
27,119
27,120
27,121
27,122
27,123
27,137
27,138
27,139
27,140
27,141
28,2
28,3
28,4
28,5
28,6
28,7
28,8
28,9
28,10
28,11
28,12
28,13
28,14
28,15
28,16
28,17
28,18
28,19
28,20
28,21
28,44
28,55
28,58
28,59
28,60
28,61
28,62
28,63
28,64
28,65
28,66
28,67
28,68
28,71
28,72
28,120
28,121
28,122
28,123
28,135
28,136
28,137
28,138
28,139
28,140
28,141
28,142
28,165
28,166
28,167
29,3
29,4
29,5
29,6
29,7
29,8
29,9
29,10
29,11
29,12
29,13
29,18
29,43
29,58
29,59
29,60
29,61
29,62
29,64
29,65
29,66
29,67
29,68
29,90
29,93
29,95
29,96
29,97
29,121
29,122
29,134
29,135
29,136
29,137
29,138
29,141
29,142
29,166
29,167
30,3
30,4
30,5
30,6
30,7
30,8
30,9
30,10
30,12
30,43
30,44
30,47
30,59
30,60
30,61
30,62
30,65
30,66
30,67
30,68
30,69
30,93
30,95
30,96
30,97
30,99
30,106
30,107
30,135
30,136
30,137
30,138
30,141
30,156
30,166
30,167
30,168
31,3
31,4
31,5
31,6
31,7
31,8
31,43
31,44
31,58
31,59
31,60
31,61
31,62
31,66
31,68
31,69
31,85
31,93
31,94
31,95
31,96
31,97
31,99
31,106
31,135
31,136
31,137
31,155
31,156
31,157
31,158
31,166
31,167
31,168
32,3
32,4
32,5
32,6
32,7
32,44
32,45
32,46
32,47
32,48
32,49
32,58
32,59
32,60
32,61
32,62
32,63
32,64
32,65
32,67
32,69
32,81
32,85
32,86
32,93
32,94
32,95
32,96
32,97
32,98
32,99
32,135
32,136
32,155
32,156
32,157
32,166
32,167
32,168
33,4
33,5
33,45
33,47
33,48
33,57
33,58
33,59
33,60
33,61
33,62
33,63
33,67
33,69
33,81
33,82
33,84
33,85
33,86
33,87
33,88
33,94
33,95
33,145
33,146
33,147
33,154
33,156
33,157
33,158
33,166
33,167
33,168
34,3
34,4
34,5
34,34
34,35
34,36
34,47
34,48
34,56
34,57
34,58
34,59
34,60
34,61
34,62
34,63
34,67
34,68
34,69
34,70
34,80
34,81
34,82
34,83
34,84
34,85
34,86
34,87
34,88
34,92
34,93
34,94
34,100
34,143
34,144
34,145
34,146
34,147
34,148
34,166
34,167
34,168
35,4
35,35
35,36
35,48
35,50
35,51
35,56
35,57
35,58
35,59
35,60
35,61
35,62
35,70
35,81
35,82
35,83
35,84
35,88
35,90
35,91
35,92
35,106
35,107
35,143
35,144
35,145
35,146
35,166
35,167
35,168
36,3
36,4
36,7
36,8
36,9
36,11
36,12
36,13
36,36
36,37
36,50
36,51
36,52
36,53
36,54
36,55
36,56
36,57
36,58
36,59
36,60
36,70
36,74
36,75
36,76
36,82
36,83
36,84
36,87
36,88
36,89
36,90
36,91
36,92
36,93
36,94
36,105
36,106
36,107
36,108
36,132
36,133
36,134
36,142
36,143
36,144
36,145
36,146
36,147
36,166
36,167
36,168
37,7
37,9
37,11
37,24
37,36
37,37
37,38
37,52
37,53
37,54
37,55
37,56
37,69
37,70
37,75
37,76
37,87
37,88
37,89
37,90
37,91
37,92
37,93
37,94
37,106
37,107
37,108
37,109
37,110
37,131
37,132
37,133
37,134
37,135
37,142
37,143
37,144
37,145
37,146
37,166
37,167
38,4
38,5
38,6
38,7
38,8
38,9
38,10
38,11
38,12
38,13
38,14
38,15
38,22
38,24
38,35
38,36
38,37
38,38
38,39
38,40
38,41
38,42
38,43
38,44
38,45
38,53
38,54
38,55
38,56
38,57
38,66
38,67
38,68
38,70
38,75
38,76
38,88
38,89
38,90
38,91
38,92
38,93
38,94
38,105
38,106
38,107
38,108
38,109
38,110
38,111
38,131
38,132
38,133
38,134
38,143
38,144
38,145
38,153
38,154
38,155
38,166
38,167
39,7
39,8
39,9
39,10
39,11
39,12
39,13
39,14
39,30
39,38
39,40
39,41
39,42
39,43
39,44
39,45
39,53
39,54
39,55
39,56
39,57
39,64
39,66
39,67
39,68
39,75
39,76
39,89
39,90
39,91
39,92
39,93
39,94
39,105
39,106
39,107
39,108
39,109
39,110
39,111
39,131
39,132
39,133
39,153
39,154
39,155
39,166
39,167
40,4
40,5
40,9
40,10
40,11
40,12
40,13
40,29
40,30
40,33
40,34
40,35
40,36
40,37
40,38
40,40
40,41
40,42
40,43
40,44
40,45
40,46
40,53
40,54
40,55
40,56
40,57
40,64
40,65
40,66
40,67
40,68
40,76
40,77
40,78
40,89
40,90
40,91
40,92
40,93
40,106
40,107
40,108
40,109
40,110
40,111
40,112
40,130
40,131
40,132
40,133
40,153
40,154
40,155
40,156
40,166
40,167
41,3
41,4
41,5
41,10
41,11
41,12
41,13
41,33
41,34
41,35
41,36
41,40
41,41
41,42
41,43
41,44
41,45
41,46
41,54
41,55
41,56
41,57
41,64
41,65
41,67
41,106
41,107
41,108
41,109
41,110
41,153
41,154
41,155
41,166
41,167
42,2
42,3
42,4
42,5
42,6
42,11
42,12
42,13
42,32
42,33
42,34
42,35
42,36
42,41
42,42
42,43
42,44
42,46
42,55
42,56
42,57
42,58
42,59
42,106
42,108
42,109
42,110
42,125
42,126
42,127
43,2
43,3
43,4
43,5
43,6
43,32
43,33
43,34
43,35
43,36
43,43
43,44
43,45
43,46
43,58
43,59
43,62
43,78
43,126
43,127
43,128
44,2
44,3
44,4
44,5
44,6
44,32
44,33
44,35
44,45
44,78
44,141
45,2
45,3
45,4
45,5
45,6
45,20
45,73
45,74
45,78
45,141
45,142
45,159
45,160
46,2
46,3
46,4
46,5
46,19
46,20
46,70
46,71
46,72
46,73
46,74
46,75
46,78
46,97
46,98
46,106
46,107
46,108
46,140
46,141
46,142
46,153
46,154
46,160
47,2
47,3
47,4
47,5
47,21
47,70
47,71
47,72
47,73
47,74
47,75
47,76
47,98
47,105
47,106
47,107
47,140
47,141
47,144
47,154
47,155
48,2
48,3
48,4
48,5
48,21
48,22
48,71
48,72
48,73
48,74
48,75
48,76
48,77
48,87
48,95
48,96
48,97
48,98
48,106
48,111
48,113
48,114
48,153
48,154
48,155
48,156
48,157
48,158
48,159
48,160
49,2
49,3
49,4
49,72
49,73
49,74
49,75
49,76
49,77
49,95
49,96
49,113
49,114
49,139
49,153
49,154
49,155
49,156
49,157
49,158
49,159
50,2
50,3
50,4
50,21
50,22
50,34
50,35
50,63
50,64
50,73
50,74
50,75
50,76
50,77
50,83
50,84
50,95
50,96
50,113
50,114
50,127
50,128
50,138
50,139
50,151
50,153
50,154
50,155
50,156
50,157
50,158
50,159
50,160
51,22
51,23
51,33
51,40
51,63
51,138
51,154
51,155
51,156
51,157
51,158
51,159
52,19
52,32
52,33
52,37
52,38
52,39
52,40
52,41
52,51
52,52
52,53
52,54
52,63
52,64
52,65
52,66
52,82
52,83
52,84
52,92
52,122
52,123
52,124
52,157
52,158
53,35
53,36
53,37
53,38
53,39
53,40
53,41
53,51
53,52
53,53
53,54
53,55
53,82
53,83
53,84
53,95
53,111
53,112
53,122
53,123
53,124
53,166
53,167
54,7
54,20
54,31
54,32
54,33
54,34
54,35
54,36
54,37
54,38
54,39
54,40
54,41
54,49
54,52
54,53
54,54
54,55
54,82
54,83
54,95
54,96
54,105
54,111
54,112
54,123
54,124
54,125
54,126
54,127
54,135
54,166
54,167
55,7
55,17
55,31
55,32
55,33
55,36
55,37
55,38
55,39
55,40
55,41
55,55
55,94
55,95
55,96
55,123
55,124
55,125
55,126
55,134
55,135
55,137
55,138
55,166
55,167
56,3
56,4
56,7
56,15
56,17
56,18
56,20
56,22
56,23
56,24
56,25
56,34
56,35
56,36
56,37
56,38
56,39
56,40
56,53
56,55
56,94
56,95
56,105
56,106
56,114
56,115
56,116
56,117
56,118
56,123
56,124
56,125
56,132
56,133
56,134
56,135
56,136
56,137
56,138
56,139
56,140
56,166
56,167
57,3
57,4
57,18
57,21
57,22
57,23
57,24
57,25
57,36
57,37
57,38
57,39
57,40
57,105
57,106
57,107
57,115
57,116
57,132
57,133
57,134
57,135
57,136
57,137
57,138
57,139
57,140
57,141
57,166
57,167
58,3
58,4
58,8
58,9
58,18
58,19
58,21
58,22
58,23
58,24
58,25
58,36
58,37
58,38
58,39
58,40
58,41
58,42
58,55
58,56
58,57
58,65
58,66
58,100
58,101
58,104
58,105
58,106
58,107
58,108
58,115
58,116
58,133
58,134
58,135
58,136
58,137
58,140
58,166
58,167
59,3
59,4
59,8
59,9
59,18
59,19
59,21
59,22
59,23
59,24
59,25
59,36
59,55
59,56
59,57
59,65
59,66
59,99
59,100
59,101
59,102
59,103
59,104
59,105
59,106
59,107
59,108
59,134
59,135
59,166
59,167
60,3
60,4
60,8
60,9
60,18
60,19
60,21
60,22
60,23
60,24
60,25
60,26
60,33
60,35
60,36
60,41
60,42
60,43
60,54
60,55
60,56
60,57
60,58
60,61
60,65
60,66
60,99
60,100
60,101
60,102
60,104
60,105
60,106
60,107
60,108
60,113
60,149
60,150
60,166
60,167
61,22
61,23
61,33
61,34
61,35
61,56
61,58
61,59
61,60
61,78
61,79
61,80
61,99
61,100
61,101
61,102
61,103
61,104
61,105
61,106
61,107
61,148
61,149
61,150
61,151
62,8
62,23
62,24
62,32
62,33
62,34
62,43
62,58
62,59
62,60
62,61
62,62
62,72
62,73
62,75
62,77
62,78
62,79
62,80
62,81
62,99
62,100
62,101
62,102
62,104
62,105
62,106
62,107
62,109
62,113
62,148
62,149
62,150
62,151
62,159
63,59
63,60
63,61
63,62
63,63
63,73
63,78
63,79
63,80
63,105
63,106
63,107
63,147
63,148
63,149
63,150
63,151
63,159
63,160
64,19
64,32
64,59
64,60
64,61
64,62
64,63
64,64
64,79
64,80
64,81
64,112
64,113
64,114
64,115
64,116
64,117
64,118
64,129
64,144
64,145
64,146
64,147
64,148
64,149
64,150
64,158
64,159
64,160
64,161
65,19
65,20
65,60
65,61
65,62
65,63
65,64
65,112
65,113
65,114
65,115
65,116
65,117
65,118
65,119
65,129
65,144
65,145
65,146
65,147
65,148
65,149
65,150
65,159
65,160
66,17
66,18
66,19
66,20
66,29
66,60
66,61
66,62
66,63
66,97
66,98
66,99
66,112
66,113
66,114
66,115
66,116
66,117
66,118
66,119
66,143
66,144
66,145
66,146
66,148
66,149
66,150
66,151
66,157
66,158
66,159
66,160
67,17
67,18
67,19
67,20
67,98
67,99
67,100
67,112
67,113
67,114
67,115
67,116
67,117
67,143
67,144
67,145
67,146
67,148
67,150
67,152
67,154
68,16
68,17
68,18
68,19
68,26
68,27
68,28
68,29
68,41
68,42
68,43
68,44
68,80
68,81
68,98
68,99
68,100
68,112
68,132
68,134
68,141
68,142
68,143
68,144
68,145
68,146
68,147
68,148
68,149
68,150
68,151
68,152
68,153
68,154
68,155
68,156
68,157
68,158
69,15
69,16
69,17
69,18
69,19
69,25
69,26
69,27
69,28
69,29
69,40
69,41
69,42
69,43
69,44
69,98
69,99
69,100
69,131
69,132
69,133
69,134
69,139
69,140
69,141
69,142
69,143
69,144
69,145
69,146
69,147
69,148
69,149
69,150
69,151
69,152
69,153
69,154
69,155
69,156
69,157
69,158
70,15
70,16
70,17
70,18
70,24
70,25
70,26
70,27
70,28
70,29
70,30
70,40
70,41
70,42
70,43
70,44
70,49
70,50
70,51
70,52
70,53
70,80
70,90
70,91
70,92
70,93
70,94
70,98
70,99
70,100
70,101
70,102
70,103
70,106
70,132
70,133
70,134
70,135
70,136
70,137
70,138
70,139
70,140
70,141
70,142
70,143
70,144
70,145
70,146
70,147
70,148
70,149
70,150
70,151
70,152
70,153
70,154
70,155
70,156
70,157
70,158
70,166
71,15
71,16
71,17
71,18
71,24
71,25
71,26
71,27
71,28
71,40
71,41
71,42
71,43
71,44
71,51
71,90
71,91
71,92
71,93
71,94
71,98
71,99
71,100
71,101
71,102
71,103
71,134
71,135
71,136
71,137
71,138
71,139
71,140
71,141
71,142
71,143
71,144
71,145
71,146
71,147
71,148
71,149
71,150
71,151
71,152
71,153
71,158
72,11
72,12
72,13
72,14
72,15
72,16
72,17
72,24
72,25
72,26
72,27
72,28
72,40
72,41
72,42
72,43
72,44
72,62
72,63
72,64
72,89
72,90
72,91
72,92
72,93
72,94
72,95
72,99
72,100
72,101
72,102
72,103
72,109
72,110
72,137
72,138
72,139
72,140
72,141
72,142
72,143
72,144
72,145
72,146
72,147
72,148
72,149
72,150
72,151
72,152
73,11
73,13
73,14
73,15
73,16
73,17
73,27
73,35
73,36
73,37
73,41
73,42
73,43
73,60
73,62
73,63
73,64
73,65
73,66
73,88
73,89
73,90
73,91
73,92
73,93
73,94
73,98
73,99
73,100
73,101
73,102
73,103
73,104
73,110
73,140
73,146
73,147
73,148
73,149
73,150
73,151
74,10
74,11
74,13
74,14
74,15
74,16
74,17
74,34
74,35
74,36
74,37
74,59
74,60
74,61
74,62
74,63
74,64
74,65
74,66
74,88
74,89
74,90
74,91
74,93
74,94
74,95
74,98
74,99
74,100
74,101
74,102
74,103
74,110
74,140
74,141
75,11
75,12
75,13
75,19
75,34
75,35
75,36
75,37
75,60
75,61
75,62
75,63
75,64
75,65
75,66
75,67
75,98
75,99
75,100
75,101
75,102
75,103
75,141
76,14
76,19
76,33
76,34
76,35
76,36
76,37
76,38
76,46
76,47
76,48
76,49
76,63
76,64
76,65
76,66
76,67
76,99
76,101
76,102
76,103
76,140
76,141
77,32
77,33
77,34
77,35
77,36
77,46
77,47
77,48
77,102
78,4
78,5
78,10
78,11
78,12
78,13
78,20
78,21
78,22
78,45
78,46
78,47
78,48
78,68
78,69
78,70
78,71
78,85
78,87
78,121
78,122
78,151
78,152
78,153
78,154
79,4
79,10
79,11
79,12
79,13
79,14
79,20
79,21
79,22
79,23
79,46
79,47
79,48
79,68
79,69
79,70
79,71
79,72
79,84
79,85
79,86
79,87
79,88
79,109
79,110
79,111
79,112
79,113
79,114
79,115
79,116
79,117
79,118
79,119
79,120
79,121
79,122
79,123
79,124
79,125
79,152
79,153
79,154
79,155
79,156
79,157
80,3
80,4
80,5
80,9
80,10
80,11
80,12
80,13
80,14
80,15
80,16
80,17
80,19
80,20
80,21
80,22
80,23
80,24
80,25
80,26
80,44
80,45
80,46
80,47
80,48
80,67
80,68
80,69
80,70
80,71
80,72
80,83
80,84
80,85
80,86
80,87
80,88
80,89
80,101
80,102
80,107
80,108
80,109
80,110
80,111
80,112
80,113
80,114
80,115
80,116
80,117
80,118
80,119
80,120
80,121
80,122
80,123
80,124
80,125
80,126
80,152
80,153
80,154
80,155
80,156
80,157
80,158
80,159
80,165
80,166
81,4
81,9
81,10
81,11
81,12
81,13
81,14
81,15
81,16
81,17
81,26
81,45
81,46
81,47
81,67
81,68
81,69
81,70
81,71
81,72
81,82
81,83
81,85
81,86
81,87
81,88
81,102
81,107
81,108
81,109
81,110
81,111
81,112
81,113
81,115
81,116
81,117
81,118
81,119
81,120
81,121
81,122
81,123
81,124
81,125
81,126
81,130
81,153
81,154
81,155
81,156
81,157
81,158
81,159
82,10
82,11
82,12
82,13
82,15
82,16
82,37
82,56
82,68
82,69
82,70
82,71
82,72
82,102
82,107
82,108
82,109
82,110
82,111
82,112
82,113
82,117
82,118
82,119
82,120
82,121
82,122
82,123
82,124
82,125
82,126
82,155
82,156
82,157
82,158
82,159
83,10
83,16
83,37
83,71
83,72
83,105
83,106
83,107
83,109
83,110
83,111
83,112
83,113
83,118
83,119
83,120
83,121
83,122
83,123
83,124
83,125
84,9
84,37
86,5
86,7
86,8
86,9
86,15
86,79
86,80
86,81
86,82
86,83
87,4
87,5
87,6
87,7
87,8
87,9
87,10
87,15
87,33
87,73
87,79
87,80
87,81
87,82
87,83
88,3
88,4
88,5
88,6
88,7
88,8
88,9
88,15
88,20
88,21
88,22
88,23
88,33
88,73
88,79
88,80
88,81
88,82
88,83
88,84
88,104
88,111
88,124
88,125
88,126
88,137
88,138
88,139
88,140
89,3
89,4
89,5
89,6
89,7
89,8
89,9
89,17
89,18
89,19
89,20
89,21
89,22
89,34
89,60
89,61
89,62
89,79
89,80
89,81
89,82
89,83
89,84
89,91
89,92
89,93
89,104
89,112
89,124
89,125
89,126
89,133
89,134
89,135
89,136
89,137
89,138
89,139
89,140
89,166
90,3
90,4
90,5
90,6
90,7
90,8
90,9
90,17
90,18
90,19
90,20
90,21
90,22
90,52
90,53
90,59
90,60
90,61
90,79
90,80
90,81
90,82
90,83
90,84
90,91
90,92
90,93
90,94
90,104
90,105
90,112
90,122
90,124
90,125
90,126
90,133
90,134
90,135
90,136
90,137
90,156
90,157
90,158
90,165
90,166
91,4
91,5
91,6
91,7
91,8
91,18
91,19
91,20
91,21
91,22
91,81
91,82
91,91
91,92
91,93
91,94
91,134
91,135
91,136
91,137
91,156
91,157
92,3
92,4
92,5
92,6
92,7
92,8
92,19
92,20
92,21
92,22
92,49
92,50
92,51
92,53
92,60
92,80
92,81
92,82
92,83
92,91
92,92
92,93
92,94
92,111
92,122
92,133
92,134
92,135
92,136
92,137
92,143
92,144
92,145
92,150
92,151
93,3
93,4
93,5
93,47
93,48
93,49
93,50
93,51
93,52
93,79
93,80
93,81
93,82
93,83
93,113
93,121
93,122
93,123
93,133
93,134
93,135
93,136
93,143
93,144
93,145
93,146
93,147
93,149
93,150
93,151
93,152
94,3
94,4
94,5
94,47
94,48
94,49
94,50
94,51
94,71
94,79
94,80
94,81
94,82
94,98
94,99
94,108
94,113
94,121
94,122
94,123
94,133
94,134
94,135
94,143
94,144
94,145
94,146
94,147
94,149
94,150
94,151
94,152
94,153
94,165
94,166
95,3
95,4
95,5
95,47
95,48
95,49
95,50
95,51
95,52
95,60
95,61
95,62
95,63
95,70
95,71
95,72
95,99
95,132
95,133
95,134
95,144
95,145
95,146
95,147
95,148
95,150
95,151
95,152
95,153
95,165
95,166
95,167
96,3
96,4
96,5
96,27
96,28
96,29
96,48
96,49
96,50
96,51
96,52
96,60
96,61
96,62
96,63
96,69
96,70
96,71
96,121
96,122
96,123
96,132
96,133
96,134
96,144
96,146
96,152
96,153
96,165
96,166
96,167
97,4
97,5
97,27
97,28
97,29
97,48
97,49
97,50
97,51
97,61
97,62
97,63
97,70
97,71
97,123
97,124
97,125
97,165
97,166
97,167
98,3
98,4
98,5
98,6
98,27
98,28
98,29
98,30
98,48
98,49
98,50
98,51
98,61
98,62
98,63
98,69
98,70
98,71
98,86
98,87
98,88
98,123
98,124
98,125
98,126
98,127
98,128
98,130
98,166
98,167
99,4
99,5
99,28
99,29
99,30
99,49
99,85
99,86
99,124
99,125
99,126
99,127
99,128
99,129
100,3
100,4
100,5
100,6
100,28
100,29
100,30
100,36
100,50
100,85
100,124
100,125
100,126
100,127
100,128
100,129
100,130
100,166
101,4
101,5
101,29
101,30
101,31
101,49
101,126
101,128
101,129
101,130
102,4
102,5
102,6
102,7
102,8
102,28
102,29
102,30
102,31
102,32
102,50
102,62
102,128
102,129
102,130
102,166
102,167
103,3
103,4
103,5
103,6
103,7
103,8
103,28
103,29
103,30
103,31
103,32
103,93
103,94
103,95
103,129
103,165
103,166
103,167
104,3
104,4
104,5
104,6
104,7
104,8
104,28
104,29
104,30
104,49
104,50
104,51
104,61
104,62
104,83
104,84
104,85
104,92
104,93
104,94
104,95
104,129
104,130
104,131
104,158
104,164
104,165
104,166
104,167
104,168
105,4
105,5
105,6
105,7
105,65
105,66
105,67
105,68
105,69
105,83
105,84
105,85
105,91
105,92
105,93
105,94
105,95
105,128
105,129
105,130
105,156
105,157
105,158
105,164
105,165
105,166
105,167
106,4
106,5
106,6
106,7
106,21
106,22
106,38
106,39
106,40
106,41
106,49
106,50
106,51
106,64
106,65
106,66
106,67
106,68
106,69
106,84
106,85
106,91
106,92
106,93
106,94
106,95
106,96
106,129
106,130
106,157
106,158
106,162
106,163
106,164
106,165
106,166
106,167
106,168
107,4
107,40
107,41
107,65
107,66
107,67
107,68
107,69
107,91
107,92
107,93
107,94
107,95
107,129
107,130
107,162
107,164
107,165
107,166
107,167
107,168
108,4
108,20
108,21
108,22
108,23
108,30
108,31
108,32
108,33
108,40
108,50
108,51
108,52
108,53
108,54
108,62
108,63
108,64
108,65
108,66
108,67
108,68
108,69
108,129
108,130
108,131
108,132
108,142
108,149
108,150
108,151
108,152
108,162
108,163
108,164
108,165
108,166
108,167
108,168
109,4
109,5
109,23
109,29
109,32
109,33
109,41
109,53
109,54
109,63
109,64
109,65
109,129
109,130
109,131
109,132
109,141
109,143
109,149
109,150
109,151
109,161
109,162
109,163
109,164
109,165
109,166
109,167
110,4
110,5
110,6
110,7
110,26
110,27
110,28
110,30
110,32
110,33
110,45
110,46
110,53
110,63
110,64
110,65
110,102
110,129
110,130
110,131
110,132
110,149
110,150
110,151
110,158
110,160
110,161
110,162
110,163
110,164
110,165
110,166
110,167
110,168
111,26
111,27
111,44
111,45
111,46
111,47
111,53
111,63
111,131
111,149
111,150
111,160
111,161
111,162
111,163
111,164
111,165
111,166
112,5
112,26
112,43
112,44
112,45
112,46
112,47
112,50
112,111
112,131
112,157
112,158
112,159
112,160
112,161
112,162
112,163
112,164
112,165
112,166
113,43
113,44
113,45
113,46
113,47
113,50
113,85
113,160
113,161
113,162
113,163
113,165
114,23
114,24
114,25
114,44
114,45
114,46
114,47
114,60
114,83
114,84
114,85
114,161
114,162
114,163
115,20
115,21
115,22
115,23
115,24
115,25
115,43
115,44
115,45
115,46
115,47
115,89
115,90
115,91
115,131
115,132
115,133
116,20
116,21
116,22
116,23
116,24
116,25
116,45
116,46
116,47
116,88
116,89
116,90
116,91
116,92
116,131
116,132
116,133
116,150
116,151
116,152
116,153
116,154
117,20
117,21
117,22
117,23
117,24
117,45
117,46
117,47
117,88
117,89
117,90
117,91
117,92
117,137
117,138
117,151
117,152
117,153
117,154
118,19
118,20
118,21
118,22
118,23
118,24
118,43
118,45
118,46
118,47
118,78
118,87
118,88
118,89
118,90
118,91
118,105
118,110
118,111
118,119
118,120
118,121
118,122
118,123
118,124
118,125
118,126
118,127
118,128
118,129
118,137
118,138
118,151
118,152
118,153
119,20
119,21
119,22
119,23
119,24
119,63
119,64
119,87
119,88
119,89
119,90
119,91
119,104
119,106
119,119
119,120
119,121
119,122
119,123
119,124
119,125
119,127
119,128
119,129
119,137
119,138
119,151
119,152
119,153
120,20
120,21
120,22
120,23
120,24
120,63
120,64
120,65
120,88
120,89
120,90
120,91
120,105
120,112
120,118
120,119
120,120
120,121
120,122
120,123
120,124
120,125
120,126
120,127
120,128
120,129
120,137
120,138
120,165
120,166
121,63
121,64
121,65
121,88
121,89
121,90
121,119
121,120
121,121
121,122
121,123
121,124
121,125
121,126
121,127
121,128
121,145
121,146
121,147
121,165
121,166
122,30
122,31
122,32
122,63
122,64
122,88
122,89
122,90
122,95
122,96
122,97
122,121
122,122
122,123
122,124
122,125
122,126
122,127
122,138
122,145
122,146
122,147
122,148
122,149
122,165
122,166
123,64
123,65
123,73
123,74
123,96
123,123
123,124
123,125
123,126
123,145
123,146
123,147
123,148
123,149
123,150
123,151
123,160
123,161
123,162
123,165
123,166
124,10
124,33
124,57
124,61
124,62
124,63
124,64
124,65
124,73
124,74
124,75
124,122
124,123
124,124
124,125
124,145
124,146
124,147
124,148
124,149
124,150
124,151
124,158
124,159
124,160
124,161
124,162
124,163
124,165
124,166
125,10
125,61
125,73
125,100
125,101
125,145
125,146
125,147
125,148
125,149
125,150
125,151
125,152
125,161
125,162
125,165
126,7
126,8
126,9
126,32
126,43
126,49
126,54
126,55
126,56
126,57
126,73
126,99
126,100
126,101
126,102
126,122
126,146
126,147
126,148
126,149
126,150
126,151
126,152
126,153
126,165
126,166
127,32
127,34
127,35
127,45
127,52
127,53
127,54
127,55
127,56
127,57
127,99
127,100
127,101
127,122
127,147
127,148
127,149
127,150
127,151
127,152
127,166
128,32
128,33
128,34
128,35
128,37
128,38
128,41
128,44
128,45
128,52
128,53
128,54
128,55
128,56
128,57
128,58
128,59
128,96
128,97
128,98
128,99
128,100
128,101
128,102
128,119
128,120
128,122
128,123
128,140
128,141
128,147
128,148
128,149
128,150
128,151
128,152
128,165
128,166
128,167
129,30
129,37
129,38
129,40
129,41
129,42
129,43
129,44
129,45
129,51
129,52
129,53
129,54
129,55
129,56
129,57
129,58
129,59
129,60
129,95
129,96
129,97
129,98
129,99
129,100
129,103
129,104
129,119
129,123
129,140
129,141
129,144
129,149
129,165
129,166
129,167
130,18
130,19
130,24
130,25
130,26
130,27
130,28
130,30
130,37
130,38
130,39
130,40
130,41
130,42
130,43
130,44
130,45
130,52
130,53
130,56
130,57
130,58
130,59
130,60
130,61
130,92
130,93
130,94
130,95
130,96
130,97
130,98
130,99
130,100
130,101
130,103
130,104
130,140
130,141
130,142
130,143
130,144
130,147
130,148
130,149
130,166
130,167
131,18
131,19
131,24
131,25
131,26
131,27
131,28
131,37
131,38
131,40
131,41
131,42
131,43
131,44
131,59
131,60
131,94
131,95
131,96
131,97
131,98
131,99
131,100
131,103
131,104
131,140
131,141
131,145
131,147
131,148
131,149
132,3
132,4
132,18
132,19
132,20
132,23
132,24
132,25
132,26
132,27
132,40
132,41
132,42
132,43
132,44
132,58
132,59
132,96
132,97
132,98
132,99
132,100
132,139
132,140
132,147
132,148
132,149
132,156
132,158
132,159
133,3
133,4
133,19
133,20
133,23
133,24
133,25
133,96
133,97
133,98
133,99
133,139
133,155
133,156
134,2
134,3
134,4
134,5
134,6
134,8
134,19
134,20
134,24
134,25
134,36
134,37
134,38
134,98
134,99
134,139
134,154
134,155
134,156
134,160
134,161
134,162
134,165
134,166
135,2
135,3
135,4
135,5
135,6
135,7
135,8
135,36
135,37
135,38
135,40
135,41
135,43
135,44
135,139
135,156
135,163
135,164
135,165
135,166
135,167
136,2
136,3
136,4
136,5
136,6
136,7
136,8
136,9
136,10
136,11
136,35
136,36
136,37
136,38
136,39
136,40
136,41
136,42
136,43
136,44
136,75
136,76
136,96
136,97
136,98
136,155
136,156
136,161
136,162
136,163
136,164
136,165
136,166
136,167
137,2
137,3
137,4
137,5
137,6
137,11
137,36
137,37
137,38
137,39
137,40
137,41
137,42
137,43
137,44
137,94
137,95
137,96
137,97
137,98
137,99
137,161
137,162
137,163
137,164
137,165
137,166
137,167
138,2
138,3
138,4
138,5
138,6
138,11
138,12
138,13
138,14
138,15
138,36
138,37
138,38
138,39
138,40
138,41
138,42
138,43
138,59
138,60
138,61
138,62
138,65
138,66
138,67
138,68
138,69
138,75
138,76
138,77
138,78
138,93
138,94
138,95
138,96
138,97
138,98
138,120
138,121
138,122
138,144
138,148
138,149
138,150
138,161
138,162
138,163
138,164
138,165
138,166
138,167
139,3
139,4
139,5
139,13
139,14
139,15
139,16
139,38
139,39
139,40
139,41
139,42
139,43
139,59
139,60
139,61
139,62
139,63
139,65
139,66
139,67
139,68
139,69
139,94
139,96
139,97
139,98
139,121
139,122
139,144
139,145
139,150
139,161
139,162
139,163
139,164
139,165
139,166
139,167
140,3
140,4
140,5
140,13
140,14
140,15
140,16
140,39
140,40
140,41
140,42
140,49
140,50
140,59
140,60
140,61
140,62
140,63
140,65
140,66
140,67
140,68
140,69
140,70
140,71
140,97
140,98
140,121
140,135
140,136
140,137
140,138
140,144
140,145
140,146
140,147
140,150
140,151
140,152
140,161
140,162
140,163
140,164
140,165
140,166
141,4
141,5
141,13
141,14
141,15
141,16
141,17
141,35
141,36
141,37
141,48
141,49
141,50
141,58
141,59
141,60
141,61
141,62
141,63
141,66
141,67
141,68
141,69
141,70
141,71
141,135
141,136
141,137
141,138
141,144
141,145
141,146
141,147
141,149
141,150
141,151
141,162
141,166
142,3
142,4
142,5
142,13
142,14
142,15
142,16
142,17
142,18
142,34
142,35
142,36
142,37
142,38
142,48
142,49
142,50
142,51
142,58
142,59
142,60
142,61
142,62
142,63
142,64
142,67
142,68
142,69
142,70
142,71
142,72
142,109
142,110
142,111
142,136
142,137
142,138
142,144
142,145
142,147
142,149
142,150
142,151
143,12
143,13
143,14
143,15
143,16
143,17
143,35
143,36
143,37
143,38
143,49
143,50
143,58
143,59
143,60
143,61
143,62
143,63
143,64
143,67
143,68
143,69
143,70
143,71
143,72
143,101
143,108
143,109
143,110
143,111
143,112
143,144
143,145
143,146
143,147
143,148
143,149
143,150
144,3
144,4
144,5
144,13
144,14
144,15
144,16
144,21
144,35
144,36
144,37
144,38
144,59
144,60
144,61
144,62
144,63
144,64
144,67
144,68
144,69
144,70
144,71
144,72
144,73
144,74
144,82
144,100
144,101
144,108
144,109
144,110
144,111
144,112
144,115
144,133
144,144
144,145
144,146
144,147
144,148
144,149
144,150
145,2
145,3
145,4
145,5
145,20
145,21
145,22
145,28
145,29
145,35
145,36
145,37
145,38
145,72
145,73
145,108
145,109
145,110
145,111
145,112
146,2
146,3
146,4
146,5
146,9
146,10
146,11
146,12
146,19
146,20
146,21
146,22
146,23
146,27
146,28
146,29
146,79
146,80
146,81
146,82
146,83
146,109
146,110
146,111
146,112
146,126
146,127
146,128
146,137
146,138
146,139
146,143
146,144
146,148
146,149
147,2
147,3
147,4
147,5
147,10
147,11
147,19
147,20
147,21
147,22
147,23
147,28
147,29
147,72
147,73
147,75
147,77
147,78
147,79
147,80
147,81
147,82
147,83
147,125
147,126
147,127
147,128
147,129
147,137
147,138
147,139
147,148
147,149
148,2
148,3
148,4
148,5
148,19
148,20
148,21
148,22
148,23
148,28
148,69
148,70
148,71
148,72
148,73
148,74
148,75
148,78
148,79
148,80
148,81
148,82
148,110
148,122
148,125
148,126
148,127
148,128
148,129
148,131
148,132
148,133
148,148
148,149
149,2
149,3
149,4
149,5
149,68
149,69
149,72
149,79
149,121
149,122
149,123
149,124
149,125
149,126
149,127
149,128
149,132
150,2
150,3
150,4
150,5
150,12
150,13
150,15
150,16
150,17
150,18
150,19
150,20
150,21
150,22
150,44
150,45
150,46
150,47
150,59
150,60
150,67
150,68
150,69
150,70
150,71
150,72
150,121
150,122
150,123
150,124
150,125
150,126
150,127
150,128
150,132
151,2
151,3
151,4
151,11
151,12
151,13
151,14
151,17
151,18
151,19
151,20
151,21
151,43
151,44
151,45
151,46
151,47
151,59
151,60
151,68
151,69
151,122
151,123
151,124
152,3
152,4
152,5
152,11
152,12
152,13
152,17
152,18
152,19
152,20
152,42
152,43
152,44
152,45
152,46
152,47
152,68
152,69
152,70
152,71
152,72
152,73
152,92
152,93
152,94
152,110
152,111
152,112
152,166
152,167
152,168
153,4
153,11
153,12
153,18
153,19
153,20
153,21
153,42
153,43
153,44
153,45
153,46
153,47
153,48
153,69
153,70
153,71
153,72
153,73
153,74
153,93
153,111
153,112
153,165
153,166
153,167
153,168
154,2
154,3
154,4
154,5
154,10
154,11
154,12
154,18
154,19
154,20
154,21
154,22
154,24
154,25
154,26
154,41
154,42
154,43
154,44
154,45
154,46
154,47
154,49
154,69
154,70
154,71
154,72
154,73
154,75
154,76
154,92
154,93
154,94
154,100
154,101
154,102
154,103
154,104
154,111
154,151
154,152
154,153
154,154
154,165
154,166
154,167
154,168
155,2
155,3
155,4
155,5
155,11
155,24
155,25
155,26
155,27
155,41
155,42
155,43
155,44
155,45
155,46
155,47
155,48
155,49
155,50
155,51
155,69
155,70
155,71
155,72
155,73
155,75
155,76
155,91
155,92
155,93
155,94
155,100
155,101
155,102
155,103
155,104
155,137
155,138
155,139
155,140
155,150
155,151
155,152
155,153
155,154
155,166
155,167
155,168
156,2
156,3
156,4
156,5
156,6
156,9
156,18
156,19
156,20
156,24
156,25
156,26
156,27
156,41
156,42
156,43
156,44
156,45
156,46
156,49
156,50
156,51
156,64
156,65
156,72
156,73
156,76
156,99
156,100
156,101
156,102
156,103
156,119
156,120
156,137
156,138
156,139
156,140
156,150
156,151
156,152
156,153
156,154
157,2
157,3
157,4
157,5
157,26
157,56
157,57
157,58
157,63
157,64
157,65
157,101
157,119
157,120
157,121
157,122
157,123
157,137
157,138
157,139
157,150
157,151
157,152
157,153
157,154
157,155
158,2
158,3
158,4
158,5
158,19
158,55
158,56
158,57
158,58
158,59
158,63
158,64
158,65
158,120
158,121
158,122
158,123
158,131
158,132
158,143
158,144
158,150
158,151
158,152
158,153
158,154
158,155
158,157
159,3
159,4
159,5
159,19
159,56
159,57
159,58
159,59
159,62
159,63
159,64
159,65
159,114
159,116
159,117
159,120
159,121
159,122
159,123
159,131
159,132
159,143
159,144
159,151
160,2
160,3
160,4
160,5
160,55
160,56
160,57
160,58
160,59
160,61
160,62
160,63
160,64
160,65
160,108
160,109
160,114
160,115
160,116
160,117
160,129
160,142
160,143
160,144
160,145
160,151
160,152
160,165
160,166
160,167
161,2
161,3
161,4
161,5
161,56
161,57
161,108
161,109
161,111
161,114
161,115
161,116
161,144
161,145
161,146
161,166
162,2
162,3
162,4
162,5
162,6
162,14
162,15
162,16
162,17
162,72
162,106
162,107
162,108
162,109
162,110
162,111
162,112
162,113
162,114
162,115
162,116
162,117
162,127
162,128
162,129
162,135
162,144
162,145
162,146
162,165
162,166
162,167
162,168
163,2
163,3
163,4
163,5
163,6
163,13
163,14
163,15
163,16
163,17
163,72
163,106
163,107
163,108
163,109
163,110
163,111
163,112
163,113
163,114
163,115
163,127
163,128
163,129
163,136
163,143
163,144
163,145
163,162
163,165
163,166
164,3
164,4
164,5
164,13
164,14
164,15
164,16
164,17
164,106
164,107
164,108
164,112
164,113
164,114
164,115
164,116
164,117
164,125
164,126
164,127
164,128
164,129
164,135
164,136
164,142
164,143
164,144
164,145
164,147
164,148
164,160
164,161
164,162
164,165
164,166
164,167
165,15
165,16
165,17
165,45
165,103
165,104
165,105
165,106
165,107
165,108
165,109
165,110
165,111
165,112
165,113
165,114
165,115
165,116
165,117
165,118
165,119
165,120
165,121
165,122
165,123
165,124
165,125
165,126
165,127
165,128
165,129
165,130
165,139
165,140
165,141
165,142
165,143
165,144
165,145
165,150
165,161
166,14
166,15
166,16
166,17
166,18
166,19
166,20
166,21
166,31
166,32
166,41
166,42
166,43
166,44
166,45
166,46
166,47
166,48
166,49
166,50
166,51
166,52
166,53
166,54
166,97
166,98
166,103
166,104
166,105
166,106
166,107
166,108
166,109
166,110
166,111
166,112
166,113
166,114
166,115
166,116
166,117
166,118
166,119
166,120
166,121
166,122
166,123
166,124
166,125
166,126
166,127
166,128
166,129
166,130
166,132
166,138
166,139
166,140
166,141
166,142
166,143
166,144
166,145
166,149
166,150
166,151
166,166
166,167
167,17
167,18
167,19
167,20
167,21
167,31
167,41
167,42
167,43
167,44
167,45
167,46
167,47
167,48
167,49
167,50
167,51
167,52
167,54
167,82
167,83
167,98
167,100
167,103
167,104
167,105
167,106
167,107
167,108
167,109
167,110
167,111
167,112
167,113
167,114
167,115
167,116
167,117
167,118
167,119
167,120
167,121
167,122
167,123
167,124
167,126
167,127
167,139
167,140
167,141
167,142
167,143
167,144
167,145
167,146
167,149
167,150
167,151
167,152
167,153
168,18
168,41
168,42
168,43
168,44
168,45
168,46
168,48
168,50
168,51
168,52
168,82
168,83
168,84
168,104
168,105
168,106
168,107
168,108
168,118
168,119
168,120
168,121
168,122
168,142
168,145
168,146
168,150
168,151
168,152
168,153
168,154
169,42
169,43
169,44
169,45
169,46
169,83
169,84
169,105
169,106
169,107
169,108
169,119
169,120
169,121
169,146
169,150
169,151
169,152
169,153
169,154
170,42
170,43
170,44
170,45
170,46
170,84
170,107
170,108
170,150
170,152
170,153
170,154
171,42
171,43
171,44
171,45
171,46
171,47
171,106
171,107
171,108
171,109
171,110
171,112
171,153
172,3
172,39
172,40
172,41
172,42
172,43
172,44
172,45
172,46
172,47
172,48
172,56
172,57
172,84
172,86
172,106
172,107
172,108
172,109
172,110
172,111
172,112
172,113
172,114
172,115
172,152
172,153
173,3
173,4
173,5
173,39
173,40
173,41
173,42
173,43
173,44
173,45
173,46
173,47
173,48
173,54
173,55
173,56
173,57
173,83
173,84
173,85
173,86
173,87
173,99
173,100
173,101
173,107
173,108
173,109
173,110
173,111
173,112
173,113
173,114
173,115
173,119
173,120
173,149
173,150
173,151
173,152
173,153
173,154
174,2
174,3
174,4
174,5
174,6
174,29
174,30
174,31
174,32
174,33
174,35
174,36
174,37
174,38
174,39
174,40
174,41
174,42
174,43
174,44
174,45
174,46
174,47
174,48
174,49
174,54
174,55
174,56
174,57
174,68
174,69
174,70
174,81
174,82
174,83
174,84
174,85
174,86
174,87
174,88
174,100
174,107
174,108
174,109
174,110
174,111
174,112
174,113
174,114
174,115
174,116
174,117
174,118
174,119
174,120
174,121
174,149
174,150
174,151
174,152
174,153
174,154
175,2
175,3
175,4
175,5
175,6
175,29
175,30
175,31
175,32
175,35
175,36
175,37
175,38
175,39
175,40
175,41
175,42
175,43
175,44
175,45
175,46
175,47
175,48
175,49
175,54
175,55
175,81
175,82
175,83
175,84
175,85
175,86
175,87
175,88
175,108
175,109
175,110
175,111
175,112
175,113
175,114
175,115
175,116
175,117
175,118
175,119
175,147
175,149
175,150
175,151
175,152
175,153
176,2
176,3
176,4
176,5
176,13
176,14
176,29
176,30
176,31
176,35
176,38
176,46
176,47
176,48
176,49
176,53
176,54
176,55
176,69
176,70
176,83
176,84
176,85
176,86
176,87
176,88
176,89
176,108
176,109
176,110
176,111
176,112
176,113
176,114
176,115
176,116
176,117
176,118
176,119
176,120
176,149
176,150
176,151
176,152
176,153
176,158
177,2
177,3
177,4
177,5
177,19
177,20
177,21
177,29
177,30
177,36
177,37
177,38
177,39
177,40
177,41
177,48
177,49
177,52
177,53
177,54
177,55
177,67
177,68
177,69
177,70
177,71
177,86
177,87
177,88
177,89
177,90
177,108
177,109
177,110
177,111
177,112
177,113
177,114
177,115
177,116
177,117
177,118
177,119
177,128
177,155
177,157
177,158
177,159
178,3
178,4
178,5
178,6
178,18
178,19
178,20
178,21
178,28
178,29
178,30
178,36
178,37
178,38
178,39
178,40
178,41
178,48
178,49
178,52
178,53
178,54
178,55
178,68
178,69
178,70
178,87
178,88
178,89
178,90
178,108
178,111
178,112
178,113
178,114
178,116
178,117
178,118
178,119
178,128
178,129
178,155
178,156
178,157
178,158
178,159
179,3
179,4
179,5
179,6
179,7
179,17
179,18
179,19
179,20
179,29
179,36
179,37
179,38
179,39
179,40
179,55
179,89
179,116
179,117
179,118
179,128
179,129
179,157
179,158
179,165
180,3
180,4
180,5
180,6
180,7
180,17
180,18
180,19
180,20
180,27
180,28
180,29
180,30
180,36
180,37
180,38
180,39
180,40
180,44
180,56
180,66
180,68
180,89
180,119
180,120
180,129
180,156
180,157
180,158
180,159
180,160
180,162
180,165
181,3
181,4
181,5
181,6
181,7
181,27
181,28
181,29
181,30
181,31
181,37
181,38
181,39
181,40
181,41
181,44
181,46
181,47
181,56
181,57
181,119
181,120
181,121
181,122
181,136
181,157
181,158
181,165
182,27
182,28
182,29
182,30
182,31
182,32
182,33
182,37
182,38
182,39
182,40
182,45
182,46
182,47
182,55
182,56
182,57
182,58
182,66
182,67
182,94
182,119
182,120
182,121
182,122
182,123
182,124
182,125
182,126
182,127
182,129
182,133
182,134
182,135
182,136
182,137
182,138
182,157
182,158
182,160
182,162
182,163
183,27
183,28
183,29
183,30
183,31
183,32
183,33
183,37
183,38
183,39
183,40
183,55
183,56
183,57
183,58
183,66
183,67
183,68
183,94
183,95
183,96
183,122
183,123
183,124
183,125
183,126
183,127
183,133
183,134
183,135
183,136
183,137
183,138
183,157
183,158
183,159
183,160
183,161
183,162
184,3
184,13
184,14
184,15
184,16
184,27
184,28
184,29
184,30
184,31
184,32
184,33
184,38
184,39
184,40
184,41
184,56
184,57
184,58
184,65
184,66
184,67
184,68
184,69
184,94
184,95
184,96
184,121
184,122
184,123
184,124
184,125
184,126
184,127
184,128
184,133
184,134
184,135
184,136
184,137
184,138
184,157
184,158
184,159
184,160
184,161
184,162
184,163
185,12
185,13
185,27
185,28
185,29
185,30
185,31
185,32
185,37
185,38
185,39
185,40
185,41
185,65
185,66
185,67
185,68
185,69
185,93
185,94
185,95
185,96
185,123
185,124
185,125
185,126
185,127
185,128
185,129
185,134
185,135
185,136
185,137
185,138
185,159
185,160
185,161
185,162
185,163
186,2
186,3
186,4
186,11
186,12
186,13
186,17
186,27
186,28
186,29
186,30
186,31
186,32
186,36
186,37
186,38
186,39
186,40
186,41
186,57
186,58
186,65
186,66
186,67
186,68
186,85
186,86
186,87
186,92
186,93
186,94
186,95
186,96
186,98
186,99
186,100
186,119
186,120
186,121
186,122
186,123
186,124
186,125
186,126
186,127
186,128
186,129
186,136
186,137
186,146
186,147
186,148
186,159
186,160
186,161
186,162
186,163
187,2
187,3
187,4
187,11
187,12
187,13
187,17
187,18
187,28
187,30
187,31
187,32
187,38
187,39
187,40
187,41
187,57
187,58
187,68
187,77
187,78
187,79
187,85
187,86
187,87
187,92
187,93
187,94
187,96
187,97
187,98
187,99
187,100
187,101
187,118
187,119
187,120
187,121
187,122
187,123
187,124
187,125
187,126
187,127
187,146
187,147
187,148
187,149
187,160
187,161
187,162
187,163
188,2
188,3
188,4
188,12
188,13
188,30
188,31
188,32
188,33
188,38
188,39
188,40
188,41
188,68
188,69
188,77
188,78
188,79
188,87
188,92
188,93
188,94
188,95
188,96
188,97
188,98
188,99
188,100
188,116
188,118
188,119
188,120
188,121
188,122
188,123
188,124
188,125
188,126
188,127
188,128
188,130
188,145
188,146
188,147
188,148
188,149
188,150
188,159
188,160
188,161
188,162
188,166
188,167
189,2
189,3
189,4
189,30
189,31
189,32
189,33
189,34
189,39
189,78
189,91
189,92
189,93
189,94
189,95
189,96
189,97
189,98
189,99
189,100
189,115
189,116
189,119
189,120
189,121
189,122
189,123
189,126
189,145
189,146
189,147
189,148
189,149
189,159
189,160
189,161
189,162
189,165
189,166
189,167
190,2
190,3
190,4
190,26
190,27
190,30
190,31
190,32
190,33
190,34
190,69
190,76
190,77
190,78
190,91
190,92
190,93
190,94
190,95
190,96
190,97
190,98
190,99
190,122
190,123
190,125
190,126
190,127
190,128
190,146
190,148
190,149
190,159
190,160
190,161
190,162
190,163
190,165
190,166
190,167
191,3
191,4
191,5
191,26
191,30
191,31
191,32
191,33
191,91
191,92
191,93
191,94
191,95
191,96
191,125
191,126
191,127
191,128
191,159
191,161
191,162
191,165
191,166
191,167
192,2
192,3
192,4
192,5
192,52
192,53
192,54
192,55
192,56
192,57
192,68
192,69
192,70
192,71
192,77
192,78
192,91
192,92
192,93
192,94
192,95
192,96
192,102
192,103
192,110
192,125
192,126
192,127
192,128
192,145
192,146
192,147
192,155
192,156
192,159
192,162
192,165
192,166
192,167
193,2
193,3
193,4
193,51
193,52
193,53
193,54
193,55
193,56
193,57
193,58
193,68
193,69
193,70
193,71
193,72
193,76
193,77
193,78
193,102
193,103
193,104
193,105
193,106
193,128
193,145
193,163
193,165
193,166
194,2
194,3
194,4
194,51
194,52
194,53
194,54
194,55
194,56
194,57
194,65
194,66
194,67
194,68
194,69
194,70
194,71
194,73
194,75
194,76
194,77
194,78
194,79
194,102
194,103
194,104
194,105
194,106
194,109
194,110
194,111
194,136
194,146
194,147
194,155
194,156
194,157
194,165
194,166
195,15
195,16
195,17
195,19
195,51
195,52
195,53
195,54
195,55
195,56
195,57
195,64
195,65
195,66
195,67
195,68
195,69
195,70
195,71
195,74
195,76
195,77
195,78
195,79
195,80
195,104
195,106
195,107
195,108
195,109
195,110
195,111
195,147
195,155
195,156
195,157
195,158
195,165
195,166
196,3
196,13
196,14
196,15
196,16
196,17
196,51
196,52
196,53
196,54
196,55
196,56
196,57
196,62
196,63
196,64
196,65
196,66
196,67
196,68
196,69
196,70
196,76
196,77
196,78
196,79
196,93
196,94
196,104
196,105
196,106
196,107
196,108
196,109
196,114
196,115
196,155
196,156
196,157
196,158
196,159
196,165
196,166
196,167
197,3
197,6
197,8
197,9
197,13
197,14
197,15
197,16
197,17
197,51
197,52
197,53
197,54
197,63
197,64
197,65
197,66
197,67
197,68
197,69
197,76
197,77
197,92
197,93
197,94
197,108
197,115
197,134
197,135
197,136
197,137
197,138
197,155
197,156
197,157
197,158
197,159
198,3
198,4
198,6
198,8
198,9
198,13
198,14
198,15
198,16
198,17
198,43
198,44
198,45
198,51
198,52
198,53
198,63
198,64
198,65
198,66
198,67
198,68
198,92
198,93
198,94
198,95
198,106
198,107
198,108
198,114
198,115
198,116
198,117
198,118
198,119
198,133
198,134
198,135
198,136
198,137
198,138
198,139
198,156
198,157
198,158
198,159
198,160
198,166
199,4
199,6
199,8
199,9
199,42
199,43
199,44
199,45
199,46
199,92
199,93
199,94
199,95
199,96
199,105
199,106
199,107
199,115
199,116
199,117
199,118
199,136
199,137
199,138
199,139
199,157
199,158
199,159
199,160
200,3
200,4
200,6
200,7
200,8
200,38
200,39
200,40
200,41
200,42
200,43
200,44
200,45
200,46
200,47
200,67
200,93
200,94
200,95
200,105
200,106
200,107
200,116
200,138
200,139
200,157
200,158
200,159
200,160
200,161
200,166
200,167
200,168
201,39
201,40
201,41
201,42
201,43
201,44
201,45
201,46
201,47
201,67
201,106
201,107
201,108
201,109
201,110
201,158
201,159
201,160
201,161
201,166
201,167
201,168
202,3
202,4
202,7
202,8
202,30
202,31
202,32
202,41
202,42
202,43
202,44
202,45
202,46
202,67
202,68
202,106
202,107
202,108
202,109
202,110
202,158
202,159
202,160
202,166
202,167
202,168
202,169
203,3
203,4
203,7
203,30
203,31
203,32
203,65
203,165
203,166
203,167
203,168
203,169
204,4
204,6
204,7
204,8
204,15
204,16
204,17
204,30
204,31
204,32
204,33
204,34
204,60
204,61
204,62
204,63
204,64
204,65
204,141
204,142
204,143
204,159
204,165
204,166
204,167
204,168
204,169
205,4
205,6
205,7
205,8
205,10
205,14
205,15
205,16
205,17
205,31
205,32
205,33
205,34
205,35
205,59
205,60
205,61
205,62
205,63
205,64
205,65
205,94
205,95
205,142
205,166
205,167
205,168
206,6
206,7
206,8
206,9
206,10
206,14
206,15
206,16
206,31
206,32
206,33
206,34
206,58
206,59
206,60
206,61
206,62
206,63
206,64
206,65
206,66
206,73
206,85
206,86
206,87
206,94
206,95
206,131
206,142
206,159
206,166
206,167
207,8
207,10
207,15
207,58
207,59
207,60
207,61
207,62
207,63
207,64
207,65
207,66
207,72
207,73
207,74
207,75
207,85
207,86
207,87
207,88
207,95
207,128
207,139
207,140
207,159
208,16
208,32
208,33
208,58
208,59
208,60
208,61
208,62
208,63
208,64
208,65
208,72
208,73
208,74
208,85
208,86
208,87
208,88
208,94
208,95
208,96
208,97
208,104
208,105
208,128
208,158
208,159
208,160
208,166
208,167
209,31
209,32
209,33
209,38
209,39
209,40
209,59
209,60
209,74
209,86
209,87
209,88
209,95
209,96
209,104
209,105
209,106
209,107
209,159
209,160
210,2
210,3
210,31
210,32
210,33
210,38
210,39
210,40
210,41
210,42
210,43
210,66
210,67
210,93
210,94
210,95
210,96
210,97
210,104
210,105
210,106
210,107
210,129
210,130
210,131
210,149
210,150
210,159
210,160
210,166
210,167
210,168
211,2
211,3
211,32
211,33
211,34
211,37
211,38
211,39
211,40
211,41
211,42
211,43
211,93
211,94
211,95
211,96
211,97
211,98
211,105
211,106
211,107
211,149
211,150
211,151
211,165
211,166
211,167
211,168
211,169
212,2
212,3
212,37
212,38
212,39
212,40
212,41
212,42
212,43
212,44
212,67
212,68
212,93
212,94
212,95
212,96
212,97
212,98
212,99
212,104
212,105
212,106
212,107
212,108
212,148
212,149
212,150
212,151
212,152
212,163
212,164
212,165
212,166
212,167
212,168
213,3
213,38
213,39
213,40
213,41
213,42
213,43
213,67
213,68
213,92
213,93
213,94
213,95
213,96
213,97
213,105
213,106
213,107
213,152
213,163
213,164
213,165
213,166
213,167
213,168
214,22
214,39
214,40
214,41
214,42
214,43
214,65
214,67
214,68
214,75
214,76
214,92
214,93
214,94
214,95
214,96
214,97
214,149
214,150
214,152
214,163
214,164
214,165
214,166
214,167
215,22
215,42
215,65
215,75
215,76
215,77
215,78
215,92
215,93
215,94
215,95
215,96
215,163
215,164
215,165
215,166
216,22
216,23
216,24
216,25
216,38
216,77
216,78
216,79
216,80
216,81
216,89
216,91
216,92
216,93
216,94
216,95
216,96
216,145
216,146
216,147
216,148
216,149
216,165
216,166
216,167
217,23
217,25
217,39
217,77
217,78
217,79
217,80
217,81
217,89
217,91
217,92
217,93
217,94
217,146
217,147
217,148
217,165
217,166
218,2
218,3
218,4
218,25
218,37
218,78
218,79
218,80
218,81
218,144
218,145
218,146
218,163
218,164
218,165
218,166
218,167
219,2
219,3
219,4
219,16
219,17
219,35
219,36
219,79
219,80
219,81
219,164
219,165
219,166
219,167
220,2
220,3
220,4
220,9
220,11
220,14
220,15
220,16
220,17
220,18
220,19
220,36
220,54
220,55
220,56
220,57
220,118
220,164
220,165
220,166
220,167
221,2
221,3
221,11
221,14
221,15
221,16
221,17
221,18
221,19
221,53
221,54
221,55
221,56
221,57
221,111
221,112
221,116
221,117
221,118
221,119
221,120
221,165
221,166
221,167
222,3
222,4
222,9
222,10
222,11
222,13
222,14
222,15
222,16
222,17
222,18
222,52
222,53
222,54
222,55
222,56
222,57
222,58
222,110
222,111
222,112
222,113
222,114
222,115
222,116
222,117
222,118
222,119
222,120
222,165
222,166
222,167
223,8
223,9
223,12
223,14
223,15
223,16
223,17
223,25
223,44
223,45
223,53
223,54
223,55
223,56
223,57
223,101
223,102
223,110
223,111
223,112
223,113
223,114
223,116
223,117
223,118
223,119
223,120
223,138
223,166
224,4
224,7
224,8
224,9
224,13
224,14
224,15
224,16
224,17
224,24
224,25
224,26
224,27
224,28
224,43
224,44
224,45
224,46
224,53
224,54
224,55
224,56
224,57
224,67
224,68
224,69
224,101
224,102
224,103
224,104
224,109
224,110
224,111
224,112
224,113
224,114
224,115
224,116
224,117
224,118
224,119
224,120
224,121
224,136
224,137
224,138
224,166
224,167
225,4
225,6
225,7
225,8
225,9
225,13
225,14
225,15
225,16
225,25
225,26
225,43
225,44
225,45
225,46
225,67
225,68
225,69
225,110
225,111
225,112
225,113
225,115
225,116
225,117
225,118
225,119
225,120
225,137
225,138
226,4
226,6
226,7
226,8
226,9
226,13
226,14
226,15
226,43
226,44
226,45
226,46
226,47
226,65
226,66
226,67
226,68
226,69
226,110
226,111
226,112
226,113
226,114
226,115
226,116
226,117
226,118
226,119
226,128
226,129
226,135
226,136
226,137
226,138
226,156
226,167
227,7
227,8
227,9
227,44
227,45
227,46
227,47
227,65
227,66
227,67
227,68
227,69
227,110
227,111
227,112
227,113
227,114
227,115
227,116
227,117
227,118
227,119
227,128
227,129
227,135
227,159
227,160
228,3
228,7
228,8
228,18
228,19
228,37
228,38
228,44
228,45
228,46
228,65
228,66
228,67
228,68
228,69
228,74
228,75
228,76
228,90
228,91
228,92
228,93
228,110
228,111
228,112
228,113
228,114
228,115
228,116
228,117
228,118
228,127
228,128
228,129
228,130
228,155
228,156
228,159
228,160
228,161
228,162
229,18
229,19
229,20
229,45
229,73
229,74
229,75
229,76
229,90
229,91
229,110
229,111
229,112
229,113
229,114
229,115
229,116
229,127
229,128
229,129
229,130
229,131
229,159
229,160
229,161
229,162
230,3
230,4
230,18
230,19
230,20
230,21
230,72
230,73
230,74
230,75
230,76
230,88
230,89
230,90
230,91
230,92
230,110
230,111
230,112
230,113
230,114
230,115
230,116
230,128
230,129
230,130
230,131
230,132
230,144
230,145
230,146
230,154
230,161
231,4
231,18
231,19
231,20
231,21
231,59
231,60
231,72
231,73
231,74
231,75
231,76
231,88
231,89
231,90
231,91
231,92
231,145
231,146
231,147
231,154
232,4
232,18
232,19
232,20
232,26
232,27
232,28
232,57
232,58
232,59
232,60
232,72
232,73
232,74
232,75
232,112
232,113
232,114
232,115
232,145
232,146
232,147
232,153
232,154
232,155
232,156
233,17
233,18
233,19
233,20
233,21
233,22
233,26
233,59
233,60
233,73
233,74
233,75
233,115
233,146
233,152
233,153
233,154
233,155
234,17
234,18
234,19
234,20
234,26
234,27
234,28
234,29
234,57
234,58
234,59
234,60
234,61
234,62
234,63
234,73
234,74
234,75
234,114
234,115
234,152
234,153
234,154
234,155
234,156
235,17
235,26
235,27
235,28
235,29
235,60
235,61
235,62
235,63
235,64
235,77
235,113
235,152
235,153
235,154
235,155
235,158
236,17
236,26
236,27
236,28
236,63
236,64
236,75
236,76
236,77
236,94
236,95
236,96
236,124
236,155
236,157
236,158
236,159
237,27
237,64
237,95
237,96
237,157
237,158
237,159
237,160
238,2
238,3
238,10
238,27
238,64
238,75
238,76
238,81
238,82
238,83
238,86
238,88
238,89
238,92
238,93
238,94
238,95
238,96
238,97
238,111
238,112
238,137
238,138
238,139
238,140
238,157
238,158
238,159
239,2
239,3
239,4
239,64
239,75
239,83
239,86
239,87
239,88
239,89
239,90
239,91
239,92
239,93
239,94
239,95
239,96
239,97
239,137
239,138
239,139
239,140
239,156
239,157
239,158
239,159
239,160
240,2
240,3
240,4
240,16
240,17
240,24
240,25
240,26
240,64
240,68
240,74
240,75
240,87
240,88
240,89
240,90
240,91
240,92
240,93
240,94
240,95
240,96
240,97
240,98
240,99
240,100
240,137
240,138
240,139
240,140
240,141
240,155
240,156
240,157
240,158
240,159
240,160
240,166
240,167
241,2
241,3
241,4
241,13
241,14
241,15
241,16
241,17
241,24
241,25
241,26
241,64
241,88
241,89
241,90
241,91
241,92
241,93
241,94
241,95
241,96
241,97
241,137
241,138
241,139
241,140
241,141
241,155
241,156
241,158
242,3
242,12
242,13
242,14
242,15
242,16
242,17
242,24
242,25
242,26
242,27
242,62
242,63
242,64
242,65
242,74
242,75
242,89
242,90
242,91
242,92
242,93
242,94
242,112
242,137
242,138
242,139
242,140
242,155
242,156
242,157
242,158
242,159
242,165
242,166
243,14
243,25
243,26
243,27
243,28
243,30
243,62
243,63
243,64
243,65
243,90
243,91
243,92
243,93
243,109
243,110
243,111
243,112
243,113
243,137
243,139
243,165
243,166
244,12
244,26
244,27
244,28
244,29
244,30
244,62
244,63
244,64
244,65
244,93
244,94
244,109
244,110
244,111
244,112
244,113
244,139
244,140
244,157
244,158
244,165
244,166
244,167
244,168
245,11
245,26
245,27
245,28
245,47
245,73
245,80
245,81
245,82
245,83
245,93
245,108
245,109
245,110
245,111
245,112
245,113
245,139
245,140
245,157
245,158
245,166
245,167
246,11
246,12
246,25
246,26
246,27
246,28
246,71
246,72
246,73
246,80
246,81
246,82
246,83
246,88
246,102
246,103
246,107
246,108
246,109
246,110
246,111
246,112
246,138
246,139
246,140
246,157
246,158
246,159
246,160
246,165
246,166
246,167
247,24
247,25
247,26
247,27
247,28
247,35
247,36
247,71
247,72
247,73
247,80
247,81
247,82
247,83
247,87
247,88
247,102
247,103
247,104
247,107
247,108
247,109
247,110
247,111
247,131
247,138
247,139
247,140
247,145
247,146
247,157
247,158
247,159
247,160
247,166
247,167
248,23
248,24
248,25
248,26
248,27
248,28
248,29
248,30
248,32
248,33
248,34
248,35
248,36
248,69
248,70
248,71
248,72
248,73
248,74
248,75
248,76
248,81
248,82
248,83
248,87
248,88
248,89
248,90
248,91
248,93
248,94
248,95
248,99
248,101
248,102
248,103
248,104
248,105
248,106
248,107
248,108
248,109
248,110
248,128
248,129
248,130
248,131
248,132
248,137
248,138
248,139
248,140
248,141
248,142
248,145
248,146
248,147
248,148
248,149
248,150
248,151
248,152
248,153
248,155
248,156
248,157
248,158
248,159
248,160
248,161
249,20
249,26
249,27
249,28
249,29
249,30
249,32
249,33
249,34
249,35
249,36
249,58
249,59
249,69
249,70
249,71
249,72
249,73
249,74
249,75
249,76
249,77
249,87
249,88
249,89
249,90
249,91
249,92
249,94
249,95
249,99
249,100
249,101
249,103
249,104
249,105
249,106
249,107
249,108
249,109
249,110
249,111
249,121
249,128
249,129
249,130
249,131
249,132
249,137
249,138
249,139
249,145
249,146
249,147
249,148
249,149
249,150
249,151
249,152
249,153
249,154
249,155
249,156
249,157
249,158
249,159
249,160
249,161
250,23
250,26
250,27
250,28
250,29
250,30
250,31
250,32
250,33
250,34
250,35
250,36
250,37
250,50
250,51
250,55
250,56
250,57
250,58
250,59
250,60
250,69
250,70
250,71
250,72
250,73
250,74
250,75
250,76
250,77
250,88
250,94
250,95
250,99
250,100
250,101
250,103
250,104
250,105
250,106
250,107
250,108
250,109
250,110
250,111
250,112
250,119
250,120
250,121
250,122
250,123
250,128
250,129
250,130
250,131
250,132
250,133
250,134
250,137
250,138
250,139
250,140
250,145
250,146
250,147
250,148
250,149
250,150
250,151
250,152
250,153
250,154
250,155
250,156
250,157
250,158
250,159
250,160
250,161
250,162
250,163
250,165
250,166
251,27
251,28
251,29
251,30
251,32
251,33
251,36
251,37
251,51
251,55
251,56
251,57
251,58
251,59
251,60
251,61
251,70
251,71
251,72
251,73
251,74
251,75
251,76
251,77
251,94
251,95
251,96
251,97
251,98
251,99
251,100
251,103
251,104
251,105
251,106
251,107
251,108
251,109
251,110
251,111
251,112
251,114
251,115
251,116
251,117
251,118
251,119
251,120
251,121
251,122
251,123
251,128
251,129
251,130
251,131
251,132
251,138
251,139
251,140
251,148
251,149
251,151
251,152
251,153
251,154
251,155
251,161
251,162
251,163
251,165
251,166
252,45
252,46
252,56
252,57
252,58
252,59
252,60
252,61
252,71
252,73
252,74
252,75
252,76
252,77
252,97
252,98
252,99
252,100
252,104
252,106
252,107
252,108
252,109
252,110
252,111
252,112
252,114
252,115
252,116
252,131
252,132
252,151
252,153
252,154
252,155
252,161
252,162
252,163
252,165
252,166
253,45
253,57
253,58
253,59
253,73
253,74
253,76
253,109
253,110
253,111
253,112
253,154
253,155
253,162
253,163
253,165
253,166
